[meta]
created-at = 2026-05-08T18:03:50.444919
updated-at = 2026-05-08T18:03:50.444919
